 6, 4, 5, 11, 3, 10,12, 1, 2, 7, 9, 8
6->   6

4->   6
     4

5->     6
      4
       5
11->     6
      4   11
       5
3->     6
     4      11
    3 5
10->      6
      4      11
     3 5    10
12->      6
      4      11
     3 5    10 12
1->      6
      4      11
     3 5    10 12
    1
2->      6
      4      11
     3 5    10 12
    1
     2
7->      6
      4      11
     3 5    10 12
    1      7
     2
9->      6
      4      11
     3 5    10 12
    1      7
     2      9
8->      6
      4      11
     3 5    10 12
    1      7
     2      9
           8