1, 5, 9, 10, 2, 3, 7, 6, 4,11, 12, 13, 8, 14, 15, 16

1=>  1   5=>  1,5  9=> 1,5,9
10=>  1,5,9,10 =>   9
                 1,5  10
2=>         9
    1,2,5      10
3=>          9          =>          3,9
    1,2,3,5     10              1,2  5   10
7=>     3,9
    1,2  5,7  10
6=>       3,9
    1,2   5,6,7  10
4=>            3,9       =>     3,6,9
        1,2  4,5,6,7  10     1,2:4,5:7:10
11=>   3,6,9
     1,2:4,5:7:10,11
12=>     3,6,9
    1,2:4,5:7:10,11,12
13=>       3,6,9                =>    3,6,9,12                  9
    1,2:4,5:7:10,11,12,13        1,2:4,5:7:10,11:13           3,6       12
                                                            1,2:4,5:7   11:13
8=>             9
        3,6           12
     1,2:4,5:7,8   10,11:13
14=>           9
        3,6           12
     1,2:4,5:7,8   10,11:13,14
15=>             9
          3,6           12
     1,2:4,5:7,8   10,11:13,14,15
16=>             9                     =>               9
         3,6           12                       3,6           12,15
     1,2:4,5:7,8   10,11:13,14,15,16         1,2:4,5:7,8  10,11:13,14:16