2, 6,7, 8, 0, 3, 11, 9, 1, 10, 4, 5

   2      ->        2   ->          2
                  6               6   7

->      2      ->     0   ->       0
      6   7        2    7       2    3
     8            8 6          8 6  7

->      0     ->      0       ->      0
      2    3        2    3         1    3
     8 6  7 11     8 6  7 11     2  6  7 11
                  9             9 8
->        0          ->          0
       1       3            1           3
     2    6   7 11        2    4       7 11
    9 8 10               9 8  10 6

->        0
       1          3
     2   4      5  11
    9 8 10 6   7